
Header version:              	4
Header size:                 	200
Signal type:                 	raw time signal
Config-uuid:                 	F17E54DD-BDA0-492B-8234-871B36C63EAC
Measurement-uuid:            	3E887873-5DEC-40A3-A8DD-268A3489ADB3
Distance between samples:    	0.00078125 (1280Hz)
Scaling factor:              	0.002309
Offset:                      	-664.687706
Measurement timestamp:       	2025-04-16 07:40:11.795 (UTC)
First sample timestamp:    	2025-04-16 07:40:11.188 (UTC)
Unit-uuid:                   	061FD037-80DF-41CB-AC80-1F1DAEB6F56C
Compression:                 	zlib (2)
Data type:                   	signed int 16 (2)
Number of samples:           	2048
Byte count samples:          	28
Rotational frequency:        	nan
Data checksum:               	31027
Header checksum:             	5902

 	index   	raw value 	scaled value

   	   0  	        202	  2.001451 
   	   1  	        202	  2.001451 
   	   2  	        202	  2.001451 
   	   3  	        202	  2.001451 
   	   4  	        202	  2.001451 
   	   5  	        202	  2.001451 
   	   6  	        202	  2.001451 
   	   7  	        202	  2.001451 
   	   8  	        202	  2.001451 
   	   9  	        202	  2.001451 
   	  10  	        202	  2.001451 
   	  11  	        202	  2.001451 
   	  12  	        202	  2.001451 
   	  13  	        202	  2.001451 
   	  14  	        202	  2.001451 
   	  15  	        202	  2.001451 
   	  16  	        202	  2.001451 
   	  17  	        202	  2.001451 
   	  18  	        202	  2.001451 
   	  19  	        202	  2.001451 
   	  20  	        202	  2.001451 
   	  21  	        202	  2.001451 
   	  22  	        202	  2.001451 
   	  23  	        202	  2.001451 
   	  24  	        202	  2.001451 
   	  25  	        202	  2.001451 
   	  26  	        202	  2.001451 
   	  27  	        202	  2.001451 
   	  28  	        202	  2.001451 
   	  29  	        202	  2.001451 
   	  30  	        202	  2.001451 
   	  31  	        202	  2.001451 
   	  32  	        202	  2.001451 
   	  33  	        202	  2.001451 
   	  34  	        202	  2.001451 
   	  35  	        202	  2.001451 
   	  36  	        202	  2.001451 
   	  37  	        202	  2.001451 
   	  38  	        202	  2.001451 
   	  39  	        202	  2.001451 
   	  40  	        202	  2.001451 
   	  41  	        202	  2.001451 
   	  42  	        202	  2.001451 
   	  43  	        202	  2.001451 
   	  44  	        202	  2.001451 
   	  45  	        202	  2.001451 
   	  46  	        202	  2.001451 
   	  47  	        202	  2.001451 
   	  48  	        202	  2.001451 
   	  49  	        202	  2.001451 
   	  50  	        202	  2.001451 
   	  51  	        202	  2.001451 
   	  52  	        202	  2.001451 
   	  53  	        202	  2.001451 
   	  54  	        202	  2.001451 
   	  55  	        202	  2.001451 
   	  56  	        202	  2.001451 
   	  57  	        202	  2.001451 
   	  58  	        202	  2.001451 
   	  59  	        202	  2.001451 
   	  60  	        202	  2.001451 
   	  61  	        202	  2.001451 
   	  62  	        202	  2.001451 
   	  63  	        202	  2.001451 
   	  64  	        202	  2.001451 
   	  65  	        202	  2.001451 
   	  66  	        202	  2.001451 
   	  67  	        202	  2.001451 
   	  68  	        202	  2.001451 
   	  69  	        202	  2.001451 
   	  70  	        202	  2.001451 
   	  71  	        202	  2.001451 
   	  72  	        202	  2.001451 
   	  73  	        202	  2.001451 
   	  74  	        202	  2.001451 
   	  75  	        202	  2.001451 
   	  76  	        202	  2.001451 
   	  77  	        202	  2.001451 
   	  78  	        202	  2.001451 
   	  79  	        202	  2.001451 
   	  80  	        202	  2.001451 
   	  81  	        202	  2.001451 
   	  82  	        202	  2.001451 
   	  83  	        202	  2.001451 
   	  84  	        202	  2.001451 
   	  85  	        202	  2.001451 
   	  86  	        202	  2.001451 
   	  87  	        202	  2.001451 
   	  88  	        202	  2.001451 
   	  89  	        202	  2.001451 
   	  90  	        202	  2.001451 
   	  91  	        202	  2.001451 
   	  92  	        202	  2.001451 
   	  93  	        202	  2.001451 
   	  94  	        202	  2.001451 
   	  95  	        202	  2.001451 
   	  96  	        202	  2.001451 
   	  97  	        202	  2.001451 
   	  98  	        202	  2.001451 
   	  99  	        202	  2.001451 
   	 100  	        202	  2.001451 
   	 101  	        202	  2.001451 
   	 102  	        202	  2.001451 
   	 103  	        202	  2.001451 
   	 104  	        202	  2.001451 
   	 105  	        202	  2.001451 
   	 106  	        202	  2.001451 
   	 107  	        202	  2.001451 
   	 108  	        202	  2.001451 
   	 109  	        202	  2.001451 
   	 110  	        202	  2.001451 
   	 111  	        202	  2.001451 
   	 112  	        202	  2.001451 
   	 113  	        202	  2.001451 
   	 114  	        202	  2.001451 
   	 115  	        202	  2.001451 
   	 116  	        202	  2.001451 
   	 117  	        202	  2.001451 
   	 118  	        202	  2.001451 
   	 119  	        202	  2.001451 
   	 120  	        202	  2.001451 
   	 121  	        202	  2.001451 
   	 122  	        202	  2.001451 
   	 123  	        202	  2.001451 
   	 124  	        202	  2.001451 
   	 125  	        202	  2.001451 
   	 126  	        202	  2.001451 
   	 127  	        202	  2.001451 
   	 128  	        202	  2.001451 
   	 129  	        202	  2.001451 
   	 130  	        202	  2.001451 
   	 131  	        202	  2.001451 
   	 132  	        202	  2.001451 
   	 133  	        202	  2.001451 
   	 134  	        202	  2.001451 
   	 135  	        202	  2.001451 
   	 136  	        202	  2.001451 
   	 137  	        202	  2.001451 
   	 138  	        202	  2.001451 
   	 139  	        202	  2.001451 
   	 140  	        202	  2.001451 
   	 141  	        202	  2.001451 
   	 142  	        202	  2.001451 
   	 143  	        202	  2.001451 
   	 144  	        202	  2.001451 
   	 145  	        202	  2.001451 
   	 146  	        202	  2.001451 
   	 147  	        202	  2.001451 
   	 148  	        202	  2.001451 
   	 149  	        202	  2.001451 
   	 150  	        202	  2.001451 
   	 151  	        202	  2.001451 
   	 152  	        202	  2.001451 
   	 153  	        202	  2.001451 
   	 154  	        202	  2.001451 
   	 155  	        202	  2.001451 
   	 156  	        202	  2.001451 
   	 157  	        202	  2.001451 
   	 158  	        202	  2.001451 
   	 159  	        202	  2.001451 
   	 160  	        202	  2.001451 
   	 161  	        202	  2.001451 
   	 162  	        202	  2.001451 
   	 163  	        202	  2.001451 
   	 164  	        202	  2.001451 
   	 165  	        202	  2.001451 
   	 166  	        202	  2.001451 
   	 167  	        202	  2.001451 
   	 168  	        202	  2.001451 
   	 169  	        202	  2.001451 
   	 170  	        202	  2.001451 
   	 171  	        202	  2.001451 
   	 172  	        202	  2.001451 
   	 173  	        202	  2.001451 
   	 174  	        202	  2.001451 
   	 175  	        202	  2.001451 
   	 176  	        202	  2.001451 
   	 177  	        202	  2.001451 
   	 178  	        202	  2.001451 
   	 179  	        202	  2.001451 
   	 180  	        202	  2.001451 
   	 181  	        202	  2.001451 
   	 182  	        202	  2.001451 
   	 183  	        202	  2.001451 
   	 184  	        202	  2.001451 
   	 185  	        202	  2.001451 
   	 186  	        202	  2.001451 
   	 187  	        202	  2.001451 
   	 188  	        202	  2.001451 
   	 189  	        202	  2.001451 
   	 190  	        202	  2.001451 
   	 191  	        202	  2.001451 
   	 192  	        202	  2.001451 
   	 193  	        202	  2.001451 
   	 194  	        202	  2.001451 
   	 195  	        202	  2.001451 
   	 196  	        202	  2.001451 
   	 197  	        202	  2.001451 
   	 198  	        202	  2.001451 
   	 199  	        202	  2.001451 
   	 200  	        202	  2.001451 
   	 201  	        202	  2.001451 
   	 202  	        202	  2.001451 
   	 203  	        202	  2.001451 
   	 204  	        202	  2.001451 
   	 205  	        202	  2.001451 
   	 206  	        202	  2.001451 
   	 207  	        202	  2.001451 
   	 208  	        202	  2.001451 
   	 209  	        202	  2.001451 
   	 210  	        202	  2.001451 
   	 211  	        202	  2.001451 
   	 212  	        202	  2.001451 
   	 213  	        202	  2.001451 
   	 214  	        202	  2.001451 
   	 215  	        202	  2.001451 
   	 216  	        202	  2.001451 
   	 217  	        202	  2.001451 
   	 218  	        202	  2.001451 
   	 219  	        202	  2.001451 
   	 220  	        202	  2.001451 
   	 221  	        202	  2.001451 
   	 222  	        202	  2.001451 
   	 223  	        202	  2.001451 
   	 224  	        202	  2.001451 
   	 225  	        202	  2.001451 
   	 226  	        202	  2.001451 
   	 227  	        202	  2.001451 
   	 228  	        202	  2.001451 
   	 229  	        202	  2.001451 
   	 230  	        202	  2.001451 
   	 231  	        202	  2.001451 
   	 232  	        202	  2.001451 
   	 233  	        202	  2.001451 
   	 234  	        202	  2.001451 
   	 235  	        202	  2.001451 
   	 236  	        202	  2.001451 
   	 237  	        202	  2.001451 
   	 238  	        202	  2.001451 
   	 239  	        202	  2.001451 
   	 240  	        202	  2.001451 
   	 241  	        202	  2.001451 
   	 242  	        202	  2.001451 
   	 243  	        202	  2.001451 
   	 244  	        202	  2.001451 
   	 245  	        202	  2.001451 
   	 246  	        202	  2.001451 
   	 247  	        202	  2.001451 
   	 248  	        202	  2.001451 
   	 249  	        202	  2.001451 
   	 250  	        202	  2.001451 
   	 251  	        202	  2.001451 
   	 252  	        202	  2.001451 
   	 253  	        202	  2.001451 
   	 254  	        202	  2.001451 
   	 255  	        202	  2.001451 
   	 256  	        202	  2.001451 
   	 257  	        202	  2.001451 
   	 258  	        202	  2.001451 
   	 259  	        202	  2.001451 
   	 260  	        202	  2.001451 
   	 261  	        202	  2.001451 
   	 262  	        202	  2.001451 
   	 263  	        202	  2.001451 
   	 264  	        202	  2.001451 
   	 265  	        202	  2.001451 
   	 266  	        202	  2.001451 
   	 267  	        202	  2.001451 
   	 268  	        202	  2.001451 
   	 269  	        202	  2.001451 
   	 270  	        202	  2.001451 
   	 271  	        202	  2.001451 
   	 272  	        202	  2.001451 
   	 273  	        202	  2.001451 
   	 274  	        202	  2.001451 
   	 275  	        202	  2.001451 
   	 276  	        202	  2.001451 
   	 277  	        202	  2.001451 
   	 278  	        202	  2.001451 
   	 279  	        202	  2.001451 
   	 280  	        202	  2.001451 
   	 281  	        202	  2.001451 
   	 282  	        202	  2.001451 
   	 283  	        202	  2.001451 
   	 284  	        202	  2.001451 
   	 285  	        202	  2.001451 
   	 286  	        202	  2.001451 
   	 287  	        202	  2.001451 
   	 288  	        202	  2.001451 
   	 289  	        202	  2.001451 
   	 290  	        202	  2.001451 
   	 291  	        202	  2.001451 
   	 292  	        202	  2.001451 
   	 293  	        202	  2.001451 
   	 294  	        202	  2.001451 
   	 295  	        202	  2.001451 
   	 296  	        202	  2.001451 
   	 297  	        202	  2.001451 
   	 298  	        202	  2.001451 
   	 299  	        202	  2.001451 
   	 300  	        202	  2.001451 
   	 301  	        202	  2.001451 
   	 302  	        202	  2.001451 
   	 303  	        202	  2.001451 
   	 304  	        202	  2.001451 
   	 305  	        202	  2.001451 
   	 306  	        202	  2.001451 
   	 307  	        202	  2.001451 
   	 308  	        202	  2.001451 
   	 309  	        202	  2.001451 
   	 310  	        202	  2.001451 
   	 311  	        202	  2.001451 
   	 312  	        202	  2.001451 
   	 313  	        202	  2.001451 
   	 314  	        202	  2.001451 
   	 315  	        202	  2.001451 
   	 316  	        202	  2.001451 
   	 317  	        202	  2.001451 
   	 318  	        202	  2.001451 
   	 319  	        202	  2.001451 
   	 320  	        202	  2.001451 
   	 321  	        202	  2.001451 
   	 322  	        202	  2.001451 
   	 323  	        202	  2.001451 
   	 324  	        202	  2.001451 
   	 325  	        202	  2.001451 
   	 326  	        202	  2.001451 
   	 327  	        202	  2.001451 
   	 328  	        202	  2.001451 
   	 329  	        202	  2.001451 
   	 330  	        202	  2.001451 
   	 331  	        202	  2.001451 
   	 332  	        202	  2.001451 
   	 333  	        202	  2.001451 
   	 334  	        202	  2.001451 
   	 335  	        202	  2.001451 
   	 336  	        202	  2.001451 
   	 337  	        202	  2.001451 
   	 338  	        202	  2.001451 
   	 339  	        202	  2.001451 
   	 340  	        202	  2.001451 
   	 341  	        202	  2.001451 
   	 342  	        202	  2.001451 
   	 343  	        202	  2.001451 
   	 344  	        202	  2.001451 
   	 345  	        202	  2.001451 
   	 346  	        202	  2.001451 
   	 347  	        202	  2.001451 
   	 348  	        202	  2.001451 
   	 349  	        202	  2.001451 
   	 350  	        202	  2.001451 
   	 351  	        202	  2.001451 
   	 352  	        202	  2.001451 
   	 353  	        202	  2.001451 
   	 354  	        202	  2.001451 
   	 355  	        202	  2.001451 
   	 356  	        202	  2.001451 
   	 357  	        202	  2.001451 
   	 358  	        202	  2.001451 
   	 359  	        202	  2.001451 
   	 360  	        202	  2.001451 
   	 361  	        202	  2.001451 
   	 362  	        202	  2.001451 
   	 363  	        202	  2.001451 
   	 364  	        202	  2.001451 
   	 365  	        202	  2.001451 
   	 366  	        202	  2.001451 
   	 367  	        202	  2.001451 
   	 368  	        202	  2.001451 
   	 369  	        202	  2.001451 
   	 370  	        202	  2.001451 
   	 371  	        202	  2.001451 
   	 372  	        202	  2.001451 
   	 373  	        202	  2.001451 
   	 374  	        202	  2.001451 
   	 375  	        202	  2.001451 
   	 376  	        202	  2.001451 
   	 377  	        202	  2.001451 
   	 378  	        202	  2.001451 
   	 379  	        202	  2.001451 
   	 380  	        202	  2.001451 
   	 381  	        202	  2.001451 
   	 382  	        202	  2.001451 
   	 383  	        202	  2.001451 
   	 384  	        202	  2.001451 
   	 385  	        202	  2.001451 
   	 386  	        202	  2.001451 
   	 387  	        202	  2.001451 
   	 388  	        202	  2.001451 
   	 389  	        202	  2.001451 
   	 390  	        202	  2.001451 
   	 391  	        202	  2.001451 
   	 392  	        202	  2.001451 
   	 393  	        202	  2.001451 
   	 394  	        202	  2.001451 
   	 395  	        202	  2.001451 
   	 396  	        202	  2.001451 
   	 397  	        202	  2.001451 
   	 398  	        202	  2.001451 
   	 399  	        202	  2.001451 
   	 400  	        202	  2.001451 
   	 401  	        202	  2.001451 
   	 402  	        202	  2.001451 
   	 403  	        202	  2.001451 
   	 404  	        202	  2.001451 
   	 405  	        202	  2.001451 
   	 406  	        202	  2.001451 
   	 407  	        202	  2.001451 
   	 408  	        202	  2.001451 
   	 409  	        202	  2.001451 
   	 410  	        202	  2.001451 
   	 411  	        202	  2.001451 
   	 412  	        202	  2.001451 
   	 413  	        202	  2.001451 
   	 414  	        202	  2.001451 
   	 415  	        202	  2.001451 
   	 416  	        202	  2.001451 
   	 417  	        202	  2.001451 
   	 418  	        202	  2.001451 
   	 419  	        202	  2.001451 
   	 420  	        202	  2.001451 
   	 421  	        202	  2.001451 
   	 422  	        202	  2.001451 
   	 423  	        202	  2.001451 
   	 424  	        202	  2.001451 
   	 425  	        202	  2.001451 
   	 426  	        202	  2.001451 
   	 427  	        202	  2.001451 
   	 428  	        202	  2.001451 
   	 429  	        202	  2.001451 
   	 430  	        202	  2.001451 
   	 431  	        202	  2.001451 
   	 432  	        202	  2.001451 
   	 433  	        202	  2.001451 
   	 434  	        202	  2.001451 
   	 435  	        202	  2.001451 
   	 436  	        202	  2.001451 
   	 437  	        202	  2.001451 
   	 438  	        202	  2.001451 
   	 439  	        202	  2.001451 
   	 440  	        202	  2.001451 
   	 441  	        202	  2.001451 
   	 442  	        202	  2.001451 
   	 443  	        202	  2.001451 
   	 444  	        202	  2.001451 
   	 445  	        202	  2.001451 
   	 446  	        202	  2.001451 
   	 447  	        202	  2.001451 
   	 448  	        202	  2.001451 
   	 449  	        202	  2.001451 
   	 450  	        202	  2.001451 
   	 451  	        202	  2.001451 
   	 452  	        202	  2.001451 
   	 453  	        202	  2.001451 
   	 454  	        202	  2.001451 
   	 455  	        202	  2.001451 
   	 456  	        202	  2.001451 
   	 457  	        202	  2.001451 
   	 458  	        202	  2.001451 
   	 459  	        202	  2.001451 
   	 460  	        202	  2.001451 
   	 461  	        202	  2.001451 
   	 462  	        202	  2.001451 
   	 463  	        202	  2.001451 
   	 464  	        202	  2.001451 
   	 465  	        202	  2.001451 
   	 466  	        202	  2.001451 
   	 467  	        202	  2.001451 
   	 468  	        202	  2.001451 
   	 469  	        202	  2.001451 
   	 470  	        202	  2.001451 
   	 471  	        202	  2.001451 
   	 472  	        202	  2.001451 
   	 473  	        202	  2.001451 
   	 474  	        202	  2.001451 
   	 475  	        202	  2.001451 
   	 476  	        202	  2.001451 
   	 477  	        202	  2.001451 
   	 478  	        202	  2.001451 
   	 479  	        202	  2.001451 
   	 480  	        202	  2.001451 
   	 481  	        202	  2.001451 
   	 482  	        202	  2.001451 
   	 483  	        202	  2.001451 
   	 484  	        202	  2.001451 
   	 485  	        202	  2.001451 
   	 486  	        202	  2.001451 
   	 487  	        202	  2.001451 
   	 488  	        202	  2.001451 
   	 489  	        202	  2.001451 
   	 490  	        202	  2.001451 
   	 491  	        202	  2.001451 
   	 492  	        202	  2.001451 
   	 493  	        202	  2.001451 
   	 494  	        202	  2.001451 
   	 495  	        202	  2.001451 
   	 496  	        202	  2.001451 
   	 497  	        202	  2.001451 
   	 498  	        202	  2.001451 
   	 499  	        202	  2.001451 
   	 500  	        202	  2.001451 
   	 501  	        202	  2.001451 
   	 502  	        202	  2.001451 
   	 503  	        202	  2.001451 
   	 504  	        202	  2.001451 
   	 505  	        202	  2.001451 
   	 506  	        202	  2.001451 
   	 507  	        202	  2.001451 
   	 508  	        202	  2.001451 
   	 509  	        202	  2.001451 
   	 510  	        202	  2.001451 
   	 511  	        202	  2.001451 
   	 512  	        202	  2.001451 
   	 513  	        202	  2.001451 
   	 514  	        202	  2.001451 
   	 515  	        202	  2.001451 
   	 516  	        202	  2.001451 
   	 517  	        202	  2.001451 
   	 518  	        202	  2.001451 
   	 519  	        202	  2.001451 
   	 520  	        202	  2.001451 
   	 521  	        202	  2.001451 
   	 522  	        202	  2.001451 
   	 523  	        202	  2.001451 
   	 524  	        202	  2.001451 
   	 525  	        202	  2.001451 
   	 526  	        202	  2.001451 
   	 527  	        202	  2.001451 
   	 528  	        202	  2.001451 
   	 529  	        202	  2.001451 
   	 530  	        202	  2.001451 
   	 531  	        202	  2.001451 
   	 532  	        202	  2.001451 
   	 533  	        202	  2.001451 
   	 534  	        202	  2.001451 
   	 535  	        202	  2.001451 
   	 536  	        202	  2.001451 
   	 537  	        202	  2.001451 
   	 538  	        202	  2.001451 
   	 539  	        202	  2.001451 
   	 540  	        202	  2.001451 
   	 541  	        202	  2.001451 
   	 542  	        202	  2.001451 
   	 543  	        202	  2.001451 
   	 544  	        202	  2.001451 
   	 545  	        202	  2.001451 
   	 546  	        202	  2.001451 
   	 547  	        202	  2.001451 
   	 548  	        202	  2.001451 
   	 549  	        202	  2.001451 
   	 550  	        202	  2.001451 
   	 551  	        202	  2.001451 
   	 552  	        202	  2.001451 
   	 553  	        202	  2.001451 
   	 554  	        202	  2.001451 
   	 555  	        202	  2.001451 
   	 556  	        202	  2.001451 
   	 557  	        202	  2.001451 
   	 558  	        202	  2.001451 
   	 559  	        202	  2.001451 
   	 560  	        202	  2.001451 
   	 561  	        202	  2.001451 
   	 562  	        202	  2.001451 
   	 563  	        202	  2.001451 
   	 564  	        202	  2.001451 
   	 565  	        202	  2.001451 
   	 566  	        202	  2.001451 
   	 567  	        202	  2.001451 
   	 568  	        202	  2.001451 
   	 569  	        202	  2.001451 
   	 570  	        202	  2.001451 
   	 571  	        202	  2.001451 
   	 572  	        202	  2.001451 
   	 573  	        202	  2.001451 
   	 574  	        202	  2.001451 
   	 575  	        202	  2.001451 
   	 576  	        202	  2.001451 
   	 577  	        202	  2.001451 
   	 578  	        202	  2.001451 
   	 579  	        202	  2.001451 
   	 580  	        202	  2.001451 
   	 581  	        202	  2.001451 
   	 582  	        202	  2.001451 
   	 583  	        202	  2.001451 
   	 584  	        202	  2.001451 
   	 585  	        202	  2.001451 
   	 586  	        202	  2.001451 
   	 587  	        202	  2.001451 
   	 588  	        202	  2.001451 
   	 589  	        202	  2.001451 
   	 590  	        202	  2.001451 
   	 591  	        202	  2.001451 
   	 592  	        202	  2.001451 
   	 593  	        202	  2.001451 
   	 594  	        202	  2.001451 
   	 595  	        202	  2.001451 
   	 596  	        202	  2.001451 
   	 597  	        202	  2.001451 
   	 598  	        202	  2.001451 
   	 599  	        202	  2.001451 
   	 600  	        202	  2.001451 
   	 601  	        202	  2.001451 
   	 602  	        202	  2.001451 
   	 603  	        202	  2.001451 
   	 604  	        202	  2.001451 
   	 605  	        202	  2.001451 
   	 606  	        202	  2.001451 
   	 607  	        202	  2.001451 
   	 608  	        202	  2.001451 
   	 609  	        202	  2.001451 
   	 610  	        202	  2.001451 
   	 611  	        202	  2.001451 
   	 612  	        202	  2.001451 
   	 613  	        202	  2.001451 
   	 614  	        202	  2.001451 
   	 615  	        202	  2.001451 
   	 616  	        202	  2.001451 
   	 617  	        202	  2.001451 
   	 618  	        202	  2.001451 
   	 619  	        202	  2.001451 
   	 620  	        202	  2.001451 
   	 621  	        202	  2.001451 
   	 622  	        202	  2.001451 
   	 623  	        202	  2.001451 
   	 624  	        202	  2.001451 
   	 625  	        202	  2.001451 
   	 626  	        202	  2.001451 
   	 627  	        202	  2.001451 
   	 628  	        202	  2.001451 
   	 629  	        202	  2.001451 
   	 630  	        202	  2.001451 
   	 631  	        202	  2.001451 
   	 632  	        202	  2.001451 
   	 633  	        202	  2.001451 
   	 634  	        202	  2.001451 
   	 635  	        202	  2.001451 
   	 636  	        202	  2.001451 
   	 637  	        202	  2.001451 
   	 638  	        202	  2.001451 
   	 639  	        202	  2.001451 
   	 640  	        202	  2.001451 
   	 641  	        202	  2.001451 
   	 642  	        202	  2.001451 
   	 643  	        202	  2.001451 
   	 644  	        202	  2.001451 
   	 645  	        202	  2.001451 
   	 646  	        202	  2.001451 
   	 647  	        202	  2.001451 
   	 648  	        202	  2.001451 
   	 649  	        202	  2.001451 
   	 650  	        202	  2.001451 
   	 651  	        202	  2.001451 
   	 652  	        202	  2.001451 
   	 653  	        202	  2.001451 
   	 654  	        202	  2.001451 
   	 655  	        202	  2.001451 
   	 656  	        202	  2.001451 
   	 657  	        202	  2.001451 
   	 658  	        202	  2.001451 
   	 659  	        202	  2.001451 
   	 660  	        202	  2.001451 
   	 661  	        202	  2.001451 
   	 662  	        202	  2.001451 
   	 663  	        202	  2.001451 
   	 664  	        202	  2.001451 
   	 665  	        202	  2.001451 
   	 666  	        202	  2.001451 
   	 667  	        202	  2.001451 
   	 668  	        202	  2.001451 
   	 669  	        202	  2.001451 
   	 670  	        202	  2.001451 
   	 671  	        202	  2.001451 
   	 672  	        202	  2.001451 
   	 673  	        202	  2.001451 
   	 674  	        202	  2.001451 
   	 675  	        202	  2.001451 
   	 676  	        202	  2.001451 
   	 677  	        202	  2.001451 
   	 678  	        202	  2.001451 
   	 679  	        202	  2.001451 
   	 680  	        202	  2.001451 
   	 681  	        202	  2.001451 
   	 682  	        202	  2.001451 
   	 683  	        202	  2.001451 
   	 684  	        202	  2.001451 
   	 685  	        202	  2.001451 
   	 686  	        202	  2.001451 
   	 687  	        202	  2.001451 
   	 688  	        202	  2.001451 
   	 689  	        202	  2.001451 
   	 690  	        202	  2.001451 
   	 691  	        202	  2.001451 
   	 692  	        202	  2.001451 
   	 693  	        202	  2.001451 
   	 694  	        202	  2.001451 
   	 695  	        202	  2.001451 
   	 696  	        202	  2.001451 
   	 697  	        202	  2.001451 
   	 698  	        202	  2.001451 
   	 699  	        202	  2.001451 
   	 700  	        202	  2.001451 
   	 701  	        202	  2.001451 
   	 702  	        202	  2.001451 
   	 703  	        202	  2.001451 
   	 704  	        202	  2.001451 
   	 705  	        202	  2.001451 
   	 706  	        202	  2.001451 
   	 707  	        202	  2.001451 
   	 708  	        202	  2.001451 
   	 709  	        202	  2.001451 
   	 710  	        202	  2.001451 
   	 711  	        202	  2.001451 
   	 712  	        202	  2.001451 
   	 713  	        202	  2.001451 
   	 714  	        202	  2.001451 
   	 715  	        202	  2.001451 
   	 716  	        202	  2.001451 
   	 717  	        202	  2.001451 
   	 718  	        202	  2.001451 
   	 719  	        202	  2.001451 
   	 720  	        202	  2.001451 
   	 721  	        202	  2.001451 
   	 722  	        202	  2.001451 
   	 723  	        202	  2.001451 
   	 724  	        202	  2.001451 
   	 725  	        202	  2.001451 
   	 726  	        202	  2.001451 
   	 727  	        202	  2.001451 
   	 728  	        202	  2.001451 
   	 729  	        202	  2.001451 
   	 730  	        202	  2.001451 
   	 731  	        202	  2.001451 
   	 732  	        202	  2.001451 
   	 733  	        202	  2.001451 
   	 734  	        202	  2.001451 
   	 735  	        202	  2.001451 
   	 736  	        202	  2.001451 
   	 737  	        202	  2.001451 
   	 738  	        202	  2.001451 
   	 739  	        202	  2.001451 
   	 740  	        202	  2.001451 
   	 741  	        202	  2.001451 
   	 742  	        202	  2.001451 
   	 743  	        202	  2.001451 
   	 744  	        202	  2.001451 
   	 745  	        202	  2.001451 
   	 746  	        202	  2.001451 
   	 747  	        202	  2.001451 
   	 748  	        202	  2.001451 
   	 749  	        202	  2.001451 
   	 750  	        202	  2.001451 
   	 751  	        202	  2.001451 
   	 752  	        202	  2.001451 
   	 753  	        202	  2.001451 
   	 754  	        202	  2.001451 
   	 755  	        202	  2.001451 
   	 756  	        202	  2.001451 
   	 757  	        202	  2.001451 
   	 758  	        202	  2.001451 
   	 759  	        202	  2.001451 
   	 760  	        202	  2.001451 
   	 761  	        202	  2.001451 
   	 762  	        202	  2.001451 
   	 763  	        202	  2.001451 
   	 764  	        202	  2.001451 
   	 765  	        202	  2.001451 
   	 766  	        202	  2.001451 
   	 767  	        202	  2.001451 
   	 768  	        202	  2.001451 
   	 769  	        202	  2.001451 
   	 770  	        202	  2.001451 
   	 771  	        202	  2.001451 
   	 772  	        202	  2.001451 
   	 773  	        202	  2.001451 
   	 774  	        202	  2.001451 
   	 775  	        202	  2.001451 
   	 776  	        202	  2.001451 
   	 777  	        202	  2.001451 
   	 778  	        202	  2.001451 
   	 779  	        202	  2.001451 
   	 780  	        202	  2.001451 
   	 781  	        202	  2.001451 
   	 782  	        202	  2.001451 
   	 783  	        202	  2.001451 
   	 784  	        202	  2.001451 
   	 785  	        202	  2.001451 
   	 786  	        202	  2.001451 
   	 787  	        202	  2.001451 
   	 788  	        202	  2.001451 
   	 789  	        202	  2.001451 
   	 790  	        202	  2.001451 
   	 791  	        202	  2.001451 
   	 792  	        202	  2.001451 
   	 793  	        202	  2.001451 
   	 794  	        202	  2.001451 
   	 795  	        202	  2.001451 
   	 796  	        202	  2.001451 
   	 797  	        202	  2.001451 
   	 798  	        202	  2.001451 
   	 799  	        202	  2.001451 
   	 800  	        202	  2.001451 
   	 801  	        202	  2.001451 
   	 802  	        202	  2.001451 
   	 803  	        202	  2.001451 
   	 804  	        202	  2.001451 
   	 805  	        202	  2.001451 
   	 806  	        202	  2.001451 
   	 807  	        202	  2.001451 
   	 808  	        202	  2.001451 
   	 809  	        202	  2.001451 
   	 810  	        202	  2.001451 
   	 811  	        202	  2.001451 
   	 812  	        202	  2.001451 
   	 813  	        202	  2.001451 
   	 814  	        202	  2.001451 
   	 815  	        202	  2.001451 
   	 816  	        202	  2.001451 
   	 817  	        202	  2.001451 
   	 818  	        202	  2.001451 
   	 819  	        202	  2.001451 
   	 820  	        202	  2.001451 
   	 821  	        202	  2.001451 
   	 822  	        202	  2.001451 
   	 823  	        202	  2.001451 
   	 824  	        202	  2.001451 
   	 825  	        202	  2.001451 
   	 826  	        202	  2.001451 
   	 827  	        202	  2.001451 
   	 828  	        202	  2.001451 
   	 829  	        202	  2.001451 
   	 830  	        202	  2.001451 
   	 831  	        202	  2.001451 
   	 832  	        202	  2.001451 
   	 833  	        202	  2.001451 
   	 834  	        202	  2.001451 
   	 835  	        202	  2.001451 
   	 836  	        202	  2.001451 
   	 837  	        202	  2.001451 
   	 838  	        202	  2.001451 
   	 839  	        202	  2.001451 
   	 840  	        202	  2.001451 
   	 841  	        202	  2.001451 
   	 842  	        202	  2.001451 
   	 843  	        202	  2.001451 
   	 844  	        202	  2.001451 
   	 845  	        202	  2.001451 
   	 846  	        202	  2.001451 
   	 847  	        202	  2.001451 
   	 848  	        202	  2.001451 
   	 849  	        202	  2.001451 
   	 850  	        202	  2.001451 
   	 851  	        202	  2.001451 
   	 852  	        202	  2.001451 
   	 853  	        202	  2.001451 
   	 854  	        202	  2.001451 
   	 855  	        202	  2.001451 
   	 856  	        202	  2.001451 
   	 857  	        202	  2.001451 
   	 858  	        202	  2.001451 
   	 859  	        202	  2.001451 
   	 860  	        202	  2.001451 
   	 861  	        202	  2.001451 
   	 862  	        202	  2.001451 
   	 863  	        202	  2.001451 
   	 864  	        202	  2.001451 
   	 865  	        202	  2.001451 
   	 866  	        202	  2.001451 
   	 867  	        202	  2.001451 
   	 868  	        202	  2.001451 
   	 869  	        202	  2.001451 
   	 870  	        202	  2.001451 
   	 871  	        202	  2.001451 
   	 872  	        202	  2.001451 
   	 873  	        202	  2.001451 
   	 874  	        202	  2.001451 
   	 875  	        202	  2.001451 
   	 876  	        202	  2.001451 
   	 877  	        202	  2.001451 
   	 878  	        202	  2.001451 
   	 879  	        202	  2.001451 
   	 880  	        202	  2.001451 
   	 881  	        202	  2.001451 
   	 882  	        202	  2.001451 
   	 883  	        202	  2.001451 
   	 884  	        202	  2.001451 
   	 885  	        202	  2.001451 
   	 886  	        202	  2.001451 
   	 887  	        202	  2.001451 
   	 888  	        202	  2.001451 
   	 889  	        202	  2.001451 
   	 890  	        202	  2.001451 
   	 891  	        202	  2.001451 
   	 892  	        202	  2.001451 
   	 893  	        202	  2.001451 
   	 894  	        202	  2.001451 
   	 895  	        202	  2.001451 
   	 896  	        202	  2.001451 
   	 897  	        202	  2.001451 
   	 898  	        202	  2.001451 
   	 899  	        202	  2.001451 
   	 900  	        202	  2.001451 
   	 901  	        202	  2.001451 
   	 902  	        202	  2.001451 
   	 903  	        202	  2.001451 
   	 904  	        202	  2.001451 
   	 905  	        202	  2.001451 
   	 906  	        202	  2.001451 
   	 907  	        202	  2.001451 
   	 908  	        202	  2.001451 
   	 909  	        202	  2.001451 
   	 910  	        202	  2.001451 
   	 911  	        202	  2.001451 
   	 912  	        202	  2.001451 
   	 913  	        202	  2.001451 
   	 914  	        202	  2.001451 
   	 915  	        202	  2.001451 
   	 916  	        202	  2.001451 
   	 917  	        202	  2.001451 
   	 918  	        202	  2.001451 
   	 919  	        202	  2.001451 
   	 920  	        202	  2.001451 
   	 921  	        202	  2.001451 
   	 922  	        202	  2.001451 
   	 923  	        202	  2.001451 
   	 924  	        202	  2.001451 
   	 925  	        202	  2.001451 
   	 926  	        202	  2.001451 
   	 927  	        202	  2.001451 
   	 928  	        202	  2.001451 
   	 929  	        202	  2.001451 
   	 930  	        202	  2.001451 
   	 931  	        202	  2.001451 
   	 932  	        202	  2.001451 
   	 933  	        202	  2.001451 
   	 934  	        202	  2.001451 
   	 935  	        202	  2.001451 
   	 936  	        202	  2.001451 
   	 937  	        202	  2.001451 
   	 938  	        202	  2.001451 
   	 939  	        202	  2.001451 
   	 940  	        202	  2.001451 
   	 941  	        202	  2.001451 
   	 942  	        202	  2.001451 
   	 943  	        202	  2.001451 
   	 944  	        202	  2.001451 
   	 945  	        202	  2.001451 
   	 946  	        202	  2.001451 
   	 947  	        202	  2.001451 
   	 948  	        202	  2.001451 
   	 949  	        202	  2.001451 
   	 950  	        202	  2.001451 
   	 951  	        202	  2.001451 
   	 952  	        202	  2.001451 
   	 953  	        202	  2.001451 
   	 954  	        202	  2.001451 
   	 955  	        202	  2.001451 
   	 956  	        202	  2.001451 
   	 957  	        202	  2.001451 
   	 958  	        202	  2.001451 
   	 959  	        202	  2.001451 
   	 960  	        202	  2.001451 
   	 961  	        202	  2.001451 
   	 962  	        202	  2.001451 
   	 963  	        202	  2.001451 
   	 964  	        202	  2.001451 
   	 965  	        202	  2.001451 
   	 966  	        202	  2.001451 
   	 967  	        202	  2.001451 
   	 968  	        202	  2.001451 
   	 969  	        202	  2.001451 
   	 970  	        202	  2.001451 
   	 971  	        202	  2.001451 
   	 972  	        202	  2.001451 
   	 973  	        202	  2.001451 
   	 974  	        202	  2.001451 
   	 975  	        202	  2.001451 
   	 976  	        202	  2.001451 
   	 977  	        202	  2.001451 
   	 978  	        202	  2.001451 
   	 979  	        202	  2.001451 
   	 980  	        202	  2.001451 
   	 981  	        202	  2.001451 
   	 982  	        202	  2.001451 
   	 983  	        202	  2.001451 
   	 984  	        202	  2.001451 
   	 985  	        202	  2.001451 
   	 986  	        202	  2.001451 
   	 987  	        202	  2.001451 
   	 988  	        202	  2.001451 
   	 989  	        202	  2.001451 
   	 990  	        202	  2.001451 
   	 991  	        202	  2.001451 
   	 992  	        202	  2.001451 
   	 993  	        202	  2.001451 
   	 994  	        202	  2.001451 
   	 995  	        202	  2.001451 
   	 996  	        202	  2.001451 
   	 997  	        202	  2.001451 
   	 998  	        202	  2.001451 
   	 999  	        202	  2.001451 
   	1000  	        202	  2.001451 
   	1001  	        202	  2.001451 
   	1002  	        202	  2.001451 
   	1003  	        202	  2.001451 
   	1004  	        202	  2.001451 
   	1005  	        202	  2.001451 
   	1006  	        202	  2.001451 
   	1007  	        202	  2.001451 
   	1008  	        202	  2.001451 
   	1009  	        202	  2.001451 
   	1010  	        202	  2.001451 
   	1011  	        202	  2.001451 
   	1012  	        202	  2.001451 
   	1013  	        202	  2.001451 
   	1014  	        202	  2.001451 
   	1015  	        202	  2.001451 
   	1016  	        202	  2.001451 
   	1017  	        202	  2.001451 
   	1018  	        202	  2.001451 
   	1019  	        202	  2.001451 
   	1020  	        202	  2.001451 
   	1021  	        202	  2.001451 
   	1022  	        202	  2.001451 
   	1023  	        202	  2.001451 
   	1024  	        202	  2.001451 
   	1025  	        202	  2.001451 
   	1026  	        202	  2.001451 
   	1027  	        202	  2.001451 
   	1028  	        202	  2.001451 
   	1029  	        202	  2.001451 
   	1030  	        202	  2.001451 
   	1031  	        202	  2.001451 
   	1032  	        202	  2.001451 
   	1033  	        202	  2.001451 
   	1034  	        202	  2.001451 
   	1035  	        202	  2.001451 
   	1036  	        202	  2.001451 
   	1037  	        202	  2.001451 
   	1038  	        202	  2.001451 
   	1039  	        202	  2.001451 
   	1040  	        202	  2.001451 
   	1041  	        202	  2.001451 
   	1042  	        202	  2.001451 
   	1043  	        202	  2.001451 
   	1044  	        202	  2.001451 
   	1045  	        202	  2.001451 
   	1046  	        202	  2.001451 
   	1047  	        202	  2.001451 
   	1048  	        202	  2.001451 
   	1049  	        202	  2.001451 
   	1050  	        202	  2.001451 
   	1051  	        202	  2.001451 
   	1052  	        202	  2.001451 
   	1053  	        202	  2.001451 
   	1054  	        202	  2.001451 
   	1055  	        202	  2.001451 
   	1056  	        202	  2.001451 
   	1057  	        202	  2.001451 
   	1058  	        202	  2.001451 
   	1059  	        202	  2.001451 
   	1060  	        202	  2.001451 
   	1061  	        202	  2.001451 
   	1062  	        202	  2.001451 
   	1063  	        202	  2.001451 
   	1064  	        202	  2.001451 
   	1065  	        202	  2.001451 
   	1066  	        202	  2.001451 
   	1067  	        202	  2.001451 
   	1068  	        202	  2.001451 
   	1069  	        202	  2.001451 
   	1070  	        202	  2.001451 
   	1071  	        202	  2.001451 
   	1072  	        202	  2.001451 
   	1073  	        202	  2.001451 
   	1074  	        202	  2.001451 
   	1075  	        202	  2.001451 
   	1076  	        202	  2.001451 
   	1077  	        202	  2.001451 
   	1078  	        202	  2.001451 
   	1079  	        202	  2.001451 
   	1080  	        202	  2.001451 
   	1081  	        202	  2.001451 
   	1082  	        202	  2.001451 
   	1083  	        202	  2.001451 
   	1084  	        202	  2.001451 
   	1085  	        202	  2.001451 
   	1086  	        202	  2.001451 
   	1087  	        202	  2.001451 
   	1088  	        202	  2.001451 
   	1089  	        202	  2.001451 
   	1090  	        202	  2.001451 
   	1091  	        202	  2.001451 
   	1092  	        202	  2.001451 
   	1093  	        202	  2.001451 
   	1094  	        202	  2.001451 
   	1095  	        202	  2.001451 
   	1096  	        202	  2.001451 
   	1097  	        202	  2.001451 
   	1098  	        202	  2.001451 
   	1099  	        202	  2.001451 
   	1100  	        202	  2.001451 
   	1101  	        202	  2.001451 
   	1102  	        202	  2.001451 
   	1103  	        202	  2.001451 
   	1104  	        202	  2.001451 
   	1105  	        202	  2.001451 
   	1106  	        202	  2.001451 
   	1107  	        202	  2.001451 
   	1108  	        202	  2.001451 
   	1109  	        202	  2.001451 
   	1110  	        202	  2.001451 
   	1111  	        202	  2.001451 
   	1112  	        202	  2.001451 
   	1113  	        202	  2.001451 
   	1114  	        202	  2.001451 
   	1115  	        202	  2.001451 
   	1116  	        202	  2.001451 
   	1117  	        202	  2.001451 
   	1118  	        202	  2.001451 
   	1119  	        202	  2.001451 
   	1120  	        202	  2.001451 
   	1121  	        202	  2.001451 
   	1122  	        202	  2.001451 
   	1123  	        202	  2.001451 
   	1124  	        202	  2.001451 
   	1125  	        202	  2.001451 
   	1126  	        202	  2.001451 
   	1127  	        202	  2.001451 
   	1128  	        202	  2.001451 
   	1129  	        202	  2.001451 
   	1130  	        202	  2.001451 
   	1131  	        202	  2.001451 
   	1132  	        202	  2.001451 
   	1133  	        202	  2.001451 
   	1134  	        202	  2.001451 
   	1135  	        202	  2.001451 
   	1136  	        202	  2.001451 
   	1137  	        202	  2.001451 
   	1138  	        202	  2.001451 
   	1139  	        202	  2.001451 
   	1140  	        202	  2.001451 
   	1141  	        202	  2.001451 
   	1142  	        202	  2.001451 
   	1143  	        202	  2.001451 
   	1144  	        202	  2.001451 
   	1145  	        202	  2.001451 
   	1146  	        202	  2.001451 
   	1147  	        202	  2.001451 
   	1148  	        202	  2.001451 
   	1149  	        202	  2.001451 
   	1150  	        202	  2.001451 
   	1151  	        202	  2.001451 
   	1152  	        202	  2.001451 
   	1153  	        202	  2.001451 
   	1154  	        202	  2.001451 
   	1155  	        202	  2.001451 
   	1156  	        202	  2.001451 
   	1157  	        202	  2.001451 
   	1158  	        202	  2.001451 
   	1159  	        202	  2.001451 
   	1160  	        202	  2.001451 
   	1161  	        202	  2.001451 
   	1162  	        202	  2.001451 
   	1163  	        202	  2.001451 
   	1164  	        202	  2.001451 
   	1165  	        202	  2.001451 
   	1166  	        202	  2.001451 
   	1167  	        202	  2.001451 
   	1168  	        202	  2.001451 
   	1169  	        202	  2.001451 
   	1170  	        202	  2.001451 
   	1171  	        202	  2.001451 
   	1172  	        202	  2.001451 
   	1173  	        202	  2.001451 
   	1174  	        202	  2.001451 
   	1175  	        202	  2.001451 
   	1176  	        202	  2.001451 
   	1177  	        202	  2.001451 
   	1178  	        202	  2.001451 
   	1179  	        202	  2.001451 
   	1180  	        202	  2.001451 
   	1181  	        202	  2.001451 
   	1182  	        202	  2.001451 
   	1183  	        202	  2.001451 
   	1184  	        202	  2.001451 
   	1185  	        202	  2.001451 
   	1186  	        202	  2.001451 
   	1187  	        202	  2.001451 
   	1188  	        202	  2.001451 
   	1189  	        202	  2.001451 
   	1190  	        202	  2.001451 
   	1191  	        202	  2.001451 
   	1192  	        202	  2.001451 
   	1193  	        202	  2.001451 
   	1194  	        202	  2.001451 
   	1195  	        202	  2.001451 
   	1196  	        202	  2.001451 
   	1197  	        202	  2.001451 
   	1198  	        202	  2.001451 
   	1199  	        202	  2.001451 
   	1200  	        202	  2.001451 
   	1201  	        202	  2.001451 
   	1202  	        202	  2.001451 
   	1203  	        202	  2.001451 
   	1204  	        202	  2.001451 
   	1205  	        202	  2.001451 
   	1206  	        202	  2.001451 
   	1207  	        202	  2.001451 
   	1208  	        202	  2.001451 
   	1209  	        202	  2.001451 
   	1210  	        202	  2.001451 
   	1211  	        202	  2.001451 
   	1212  	        202	  2.001451 
   	1213  	        202	  2.001451 
   	1214  	        202	  2.001451 
   	1215  	        202	  2.001451 
   	1216  	        202	  2.001451 
   	1217  	        202	  2.001451 
   	1218  	        202	  2.001451 
   	1219  	        202	  2.001451 
   	1220  	        202	  2.001451 
   	1221  	        202	  2.001451 
   	1222  	        202	  2.001451 
   	1223  	        202	  2.001451 
   	1224  	        202	  2.001451 
   	1225  	        202	  2.001451 
   	1226  	        202	  2.001451 
   	1227  	        202	  2.001451 
   	1228  	        202	  2.001451 
   	1229  	        202	  2.001451 
   	1230  	        202	  2.001451 
   	1231  	        202	  2.001451 
   	1232  	        202	  2.001451 
   	1233  	        202	  2.001451 
   	1234  	        202	  2.001451 
   	1235  	        202	  2.001451 
   	1236  	        202	  2.001451 
   	1237  	        202	  2.001451 
   	1238  	        202	  2.001451 
   	1239  	        202	  2.001451 
   	1240  	        202	  2.001451 
   	1241  	        202	  2.001451 
   	1242  	        202	  2.001451 
   	1243  	        202	  2.001451 
   	1244  	        202	  2.001451 
   	1245  	        202	  2.001451 
   	1246  	        202	  2.001451 
   	1247  	        202	  2.001451 
   	1248  	        202	  2.001451 
   	1249  	        202	  2.001451 
   	1250  	        202	  2.001451 
   	1251  	        202	  2.001451 
   	1252  	        202	  2.001451 
   	1253  	        202	  2.001451 
   	1254  	        202	  2.001451 
   	1255  	        202	  2.001451 
   	1256  	        202	  2.001451 
   	1257  	        202	  2.001451 
   	1258  	        202	  2.001451 
   	1259  	        202	  2.001451 
   	1260  	        202	  2.001451 
   	1261  	        202	  2.001451 
   	1262  	        202	  2.001451 
   	1263  	        202	  2.001451 
   	1264  	        202	  2.001451 
   	1265  	        202	  2.001451 
   	1266  	        202	  2.001451 
   	1267  	        202	  2.001451 
   	1268  	        202	  2.001451 
   	1269  	        202	  2.001451 
   	1270  	        202	  2.001451 
   	1271  	        202	  2.001451 
   	1272  	        202	  2.001451 
   	1273  	        202	  2.001451 
   	1274  	        202	  2.001451 
   	1275  	        202	  2.001451 
   	1276  	        202	  2.001451 
   	1277  	        202	  2.001451 
   	1278  	        202	  2.001451 
   	1279  	        202	  2.001451 
   	1280  	        202	  2.001451 
   	1281  	        202	  2.001451 
   	1282  	        202	  2.001451 
   	1283  	        202	  2.001451 
   	1284  	        202	  2.001451 
   	1285  	        202	  2.001451 
   	1286  	        202	  2.001451 
   	1287  	        202	  2.001451 
   	1288  	        202	  2.001451 
   	1289  	        202	  2.001451 
   	1290  	        202	  2.001451 
   	1291  	        202	  2.001451 
   	1292  	        202	  2.001451 
   	1293  	        202	  2.001451 
   	1294  	        202	  2.001451 
   	1295  	        202	  2.001451 
   	1296  	        202	  2.001451 
   	1297  	        202	  2.001451 
   	1298  	        202	  2.001451 
   	1299  	        202	  2.001451 
   	1300  	        202	  2.001451 
   	1301  	        202	  2.001451 
   	1302  	        202	  2.001451 
   	1303  	        202	  2.001451 
   	1304  	        202	  2.001451 
   	1305  	        202	  2.001451 
   	1306  	        202	  2.001451 
   	1307  	        202	  2.001451 
   	1308  	        202	  2.001451 
   	1309  	        202	  2.001451 
   	1310  	        202	  2.001451 
   	1311  	        202	  2.001451 
   	1312  	        202	  2.001451 
   	1313  	        202	  2.001451 
   	1314  	        202	  2.001451 
   	1315  	        202	  2.001451 
   	1316  	        202	  2.001451 
   	1317  	        202	  2.001451 
   	1318  	        202	  2.001451 
   	1319  	        202	  2.001451 
   	1320  	        202	  2.001451 
   	1321  	        202	  2.001451 
   	1322  	        202	  2.001451 
   	1323  	        202	  2.001451 
   	1324  	        202	  2.001451 
   	1325  	        202	  2.001451 
   	1326  	        202	  2.001451 
   	1327  	        202	  2.001451 
   	1328  	        202	  2.001451 
   	1329  	        202	  2.001451 
   	1330  	        202	  2.001451 
   	1331  	        202	  2.001451 
   	1332  	        202	  2.001451 
   	1333  	        202	  2.001451 
   	1334  	        202	  2.001451 
   	1335  	        202	  2.001451 
   	1336  	        202	  2.001451 
   	1337  	        202	  2.001451 
   	1338  	        202	  2.001451 
   	1339  	        202	  2.001451 
   	1340  	        202	  2.001451 
   	1341  	        202	  2.001451 
   	1342  	        202	  2.001451 
   	1343  	        202	  2.001451 
   	1344  	        202	  2.001451 
   	1345  	        202	  2.001451 
   	1346  	        202	  2.001451 
   	1347  	        202	  2.001451 
   	1348  	        202	  2.001451 
   	1349  	        202	  2.001451 
   	1350  	        202	  2.001451 
   	1351  	        202	  2.001451 
   	1352  	        202	  2.001451 
   	1353  	        202	  2.001451 
   	1354  	        202	  2.001451 
   	1355  	        202	  2.001451 
   	1356  	        202	  2.001451 
   	1357  	        202	  2.001451 
   	1358  	        202	  2.001451 
   	1359  	        202	  2.001451 
   	1360  	        202	  2.001451 
   	1361  	        202	  2.001451 
   	1362  	        202	  2.001451 
   	1363  	        202	  2.001451 
   	1364  	        202	  2.001451 
   	1365  	        202	  2.001451 
   	1366  	        202	  2.001451 
   	1367  	        202	  2.001451 
   	1368  	        202	  2.001451 
   	1369  	        202	  2.001451 
   	1370  	        202	  2.001451 
   	1371  	        202	  2.001451 
   	1372  	        202	  2.001451 
   	1373  	        202	  2.001451 
   	1374  	        202	  2.001451 
   	1375  	        202	  2.001451 
   	1376  	        202	  2.001451 
   	1377  	        202	  2.001451 
   	1378  	        202	  2.001451 
   	1379  	        202	  2.001451 
   	1380  	        202	  2.001451 
   	1381  	        202	  2.001451 
   	1382  	        202	  2.001451 
   	1383  	        202	  2.001451 
   	1384  	        202	  2.001451 
   	1385  	        202	  2.001451 
   	1386  	        202	  2.001451 
   	1387  	        202	  2.001451 
   	1388  	        202	  2.001451 
   	1389  	        202	  2.001451 
   	1390  	        202	  2.001451 
   	1391  	        202	  2.001451 
   	1392  	        202	  2.001451 
   	1393  	        202	  2.001451 
   	1394  	        202	  2.001451 
   	1395  	        202	  2.001451 
   	1396  	        202	  2.001451 
   	1397  	        202	  2.001451 
   	1398  	        202	  2.001451 
   	1399  	        202	  2.001451 
   	1400  	        202	  2.001451 
   	1401  	        202	  2.001451 
   	1402  	        202	  2.001451 
   	1403  	        202	  2.001451 
   	1404  	        202	  2.001451 
   	1405  	        202	  2.001451 
   	1406  	        202	  2.001451 
   	1407  	        202	  2.001451 
   	1408  	        202	  2.001451 
   	1409  	        202	  2.001451 
   	1410  	        202	  2.001451 
   	1411  	        202	  2.001451 
   	1412  	        202	  2.001451 
   	1413  	        202	  2.001451 
   	1414  	        202	  2.001451 
   	1415  	        202	  2.001451 
   	1416  	        202	  2.001451 
   	1417  	        202	  2.001451 
   	1418  	        202	  2.001451 
   	1419  	        202	  2.001451 
   	1420  	        202	  2.001451 
   	1421  	        202	  2.001451 
   	1422  	        202	  2.001451 
   	1423  	        202	  2.001451 
   	1424  	        202	  2.001451 
   	1425  	        202	  2.001451 
   	1426  	        202	  2.001451 
   	1427  	        202	  2.001451 
   	1428  	        202	  2.001451 
   	1429  	        202	  2.001451 
   	1430  	        202	  2.001451 
   	1431  	        202	  2.001451 
   	1432  	        202	  2.001451 
   	1433  	        202	  2.001451 
   	1434  	        202	  2.001451 
   	1435  	        202	  2.001451 
   	1436  	        202	  2.001451 
   	1437  	        202	  2.001451 
   	1438  	        202	  2.001451 
   	1439  	        202	  2.001451 
   	1440  	        202	  2.001451 
   	1441  	        202	  2.001451 
   	1442  	        202	  2.001451 
   	1443  	        202	  2.001451 
   	1444  	        202	  2.001451 
   	1445  	        202	  2.001451 
   	1446  	        202	  2.001451 
   	1447  	        202	  2.001451 
   	1448  	        202	  2.001451 
   	1449  	        202	  2.001451 
   	1450  	        202	  2.001451 
   	1451  	        202	  2.001451 
   	1452  	        202	  2.001451 
   	1453  	        202	  2.001451 
   	1454  	        202	  2.001451 
   	1455  	        202	  2.001451 
   	1456  	        202	  2.001451 
   	1457  	        202	  2.001451 
   	1458  	        202	  2.001451 
   	1459  	        202	  2.001451 
   	1460  	        202	  2.001451 
   	1461  	        202	  2.001451 
   	1462  	        202	  2.001451 
   	1463  	        202	  2.001451 
   	1464  	        202	  2.001451 
   	1465  	        202	  2.001451 
   	1466  	        202	  2.001451 
   	1467  	        202	  2.001451 
   	1468  	        202	  2.001451 
   	1469  	        202	  2.001451 
   	1470  	        202	  2.001451 
   	1471  	        202	  2.001451 
   	1472  	        202	  2.001451 
   	1473  	        202	  2.001451 
   	1474  	        202	  2.001451 
   	1475  	        202	  2.001451 
   	1476  	        202	  2.001451 
   	1477  	        202	  2.001451 
   	1478  	        202	  2.001451 
   	1479  	        202	  2.001451 
   	1480  	        202	  2.001451 
   	1481  	        202	  2.001451 
   	1482  	        202	  2.001451 
   	1483  	        202	  2.001451 
   	1484  	        202	  2.001451 
   	1485  	        202	  2.001451 
   	1486  	        202	  2.001451 
   	1487  	        202	  2.001451 
   	1488  	        202	  2.001451 
   	1489  	        202	  2.001451 
   	1490  	        202	  2.001451 
   	1491  	        202	  2.001451 
   	1492  	        202	  2.001451 
   	1493  	        202	  2.001451 
   	1494  	        202	  2.001451 
   	1495  	        202	  2.001451 
   	1496  	        202	  2.001451 
   	1497  	        202	  2.001451 
   	1498  	        202	  2.001451 
   	1499  	        202	  2.001451 
   	1500  	        202	  2.001451 
   	1501  	        202	  2.001451 
   	1502  	        202	  2.001451 
   	1503  	        202	  2.001451 
   	1504  	        202	  2.001451 
   	1505  	        202	  2.001451 
   	1506  	        202	  2.001451 
   	1507  	        202	  2.001451 
   	1508  	        202	  2.001451 
   	1509  	        202	  2.001451 
   	1510  	        202	  2.001451 
   	1511  	        202	  2.001451 
   	1512  	        202	  2.001451 
   	1513  	        202	  2.001451 
   	1514  	        202	  2.001451 
   	1515  	        202	  2.001451 
   	1516  	        202	  2.001451 
   	1517  	        202	  2.001451 
   	1518  	        202	  2.001451 
   	1519  	        202	  2.001451 
   	1520  	        202	  2.001451 
   	1521  	        202	  2.001451 
   	1522  	        202	  2.001451 
   	1523  	        202	  2.001451 
   	1524  	        202	  2.001451 
   	1525  	        202	  2.001451 
   	1526  	        202	  2.001451 
   	1527  	        202	  2.001451 
   	1528  	        202	  2.001451 
   	1529  	        202	  2.001451 
   	1530  	        202	  2.001451 
   	1531  	        202	  2.001451 
   	1532  	        202	  2.001451 
   	1533  	        202	  2.001451 
   	1534  	        202	  2.001451 
   	1535  	        202	  2.001451 
   	1536  	        202	  2.001451 
   	1537  	        202	  2.001451 
   	1538  	        202	  2.001451 
   	1539  	        202	  2.001451 
   	1540  	        202	  2.001451 
   	1541  	        202	  2.001451 
   	1542  	        202	  2.001451 
   	1543  	        202	  2.001451 
   	1544  	        202	  2.001451 
   	1545  	        202	  2.001451 
   	1546  	        202	  2.001451 
   	1547  	        202	  2.001451 
   	1548  	        202	  2.001451 
   	1549  	        202	  2.001451 
   	1550  	        202	  2.001451 
   	1551  	        202	  2.001451 
   	1552  	        202	  2.001451 
   	1553  	        202	  2.001451 
   	1554  	        202	  2.001451 
   	1555  	        202	  2.001451 
   	1556  	        202	  2.001451 
   	1557  	        202	  2.001451 
   	1558  	        202	  2.001451 
   	1559  	        202	  2.001451 
   	1560  	        202	  2.001451 
   	1561  	        202	  2.001451 
   	1562  	        202	  2.001451 
   	1563  	        202	  2.001451 
   	1564  	        202	  2.001451 
   	1565  	        202	  2.001451 
   	1566  	        202	  2.001451 
   	1567  	        202	  2.001451 
   	1568  	        202	  2.001451 
   	1569  	        202	  2.001451 
   	1570  	        202	  2.001451 
   	1571  	        202	  2.001451 
   	1572  	        202	  2.001451 
   	1573  	        202	  2.001451 
   	1574  	        202	  2.001451 
   	1575  	        202	  2.001451 
   	1576  	        202	  2.001451 
   	1577  	        202	  2.001451 
   	1578  	        202	  2.001451 
   	1579  	        202	  2.001451 
   	1580  	        202	  2.001451 
   	1581  	        202	  2.001451 
   	1582  	        202	  2.001451 
   	1583  	        202	  2.001451 
   	1584  	        202	  2.001451 
   	1585  	        202	  2.001451 
   	1586  	        202	  2.001451 
   	1587  	        202	  2.001451 
   	1588  	        202	  2.001451 
   	1589  	        202	  2.001451 
   	1590  	        202	  2.001451 
   	1591  	        202	  2.001451 
   	1592  	        202	  2.001451 
   	1593  	        202	  2.001451 
   	1594  	        202	  2.001451 
   	1595  	        202	  2.001451 
   	1596  	        202	  2.001451 
   	1597  	        202	  2.001451 
   	1598  	        202	  2.001451 
   	1599  	        202	  2.001451 
   	1600  	        202	  2.001451 
   	1601  	        202	  2.001451 
   	1602  	        202	  2.001451 
   	1603  	        202	  2.001451 
   	1604  	        202	  2.001451 
   	1605  	        202	  2.001451 
   	1606  	        202	  2.001451 
   	1607  	        202	  2.001451 
   	1608  	        202	  2.001451 
   	1609  	        202	  2.001451 
   	1610  	        202	  2.001451 
   	1611  	        202	  2.001451 
   	1612  	        202	  2.001451 
   	1613  	        202	  2.001451 
   	1614  	        202	  2.001451 
   	1615  	        202	  2.001451 
   	1616  	        202	  2.001451 
   	1617  	        202	  2.001451 
   	1618  	        202	  2.001451 
   	1619  	        202	  2.001451 
   	1620  	        202	  2.001451 
   	1621  	        202	  2.001451 
   	1622  	        202	  2.001451 
   	1623  	        202	  2.001451 
   	1624  	        202	  2.001451 
   	1625  	        202	  2.001451 
   	1626  	        202	  2.001451 
   	1627  	        202	  2.001451 
   	1628  	        202	  2.001451 
   	1629  	        202	  2.001451 
   	1630  	        202	  2.001451 
   	1631  	        202	  2.001451 
   	1632  	        202	  2.001451 
   	1633  	        202	  2.001451 
   	1634  	        202	  2.001451 
   	1635  	        202	  2.001451 
   	1636  	        202	  2.001451 
   	1637  	        202	  2.001451 
   	1638  	        202	  2.001451 
   	1639  	        202	  2.001451 
   	1640  	        202	  2.001451 
   	1641  	        202	  2.001451 
   	1642  	        202	  2.001451 
   	1643  	        202	  2.001451 
   	1644  	        202	  2.001451 
   	1645  	        202	  2.001451 
   	1646  	        202	  2.001451 
   	1647  	        202	  2.001451 
   	1648  	        202	  2.001451 
   	1649  	        202	  2.001451 
   	1650  	        202	  2.001451 
   	1651  	        202	  2.001451 
   	1652  	        202	  2.001451 
   	1653  	        202	  2.001451 
   	1654  	        202	  2.001451 
   	1655  	        202	  2.001451 
   	1656  	        202	  2.001451 
   	1657  	        202	  2.001451 
   	1658  	        202	  2.001451 
   	1659  	        202	  2.001451 
   	1660  	        202	  2.001451 
   	1661  	        202	  2.001451 
   	1662  	        202	  2.001451 
   	1663  	        202	  2.001451 
   	1664  	        202	  2.001451 
   	1665  	        202	  2.001451 
   	1666  	        202	  2.001451 
   	1667  	        202	  2.001451 
   	1668  	        202	  2.001451 
   	1669  	        202	  2.001451 
   	1670  	        202	  2.001451 
   	1671  	        202	  2.001451 
   	1672  	        202	  2.001451 
   	1673  	        202	  2.001451 
   	1674  	        202	  2.001451 
   	1675  	        202	  2.001451 
   	1676  	        202	  2.001451 
   	1677  	        202	  2.001451 
   	1678  	        202	  2.001451 
   	1679  	        202	  2.001451 
   	1680  	        202	  2.001451 
   	1681  	        202	  2.001451 
   	1682  	        202	  2.001451 
   	1683  	        202	  2.001451 
   	1684  	        202	  2.001451 
   	1685  	        202	  2.001451 
   	1686  	        202	  2.001451 
   	1687  	        202	  2.001451 
   	1688  	        202	  2.001451 
   	1689  	        202	  2.001451 
   	1690  	        202	  2.001451 
   	1691  	        202	  2.001451 
   	1692  	        202	  2.001451 
   	1693  	        202	  2.001451 
   	1694  	        202	  2.001451 
   	1695  	        202	  2.001451 
   	1696  	        202	  2.001451 
   	1697  	        202	  2.001451 
   	1698  	        202	  2.001451 
   	1699  	        202	  2.001451 
   	1700  	        202	  2.001451 
   	1701  	        202	  2.001451 
   	1702  	        202	  2.001451 
   	1703  	        202	  2.001451 
   	1704  	        202	  2.001451 
   	1705  	        202	  2.001451 
   	1706  	        202	  2.001451 
   	1707  	        202	  2.001451 
   	1708  	        202	  2.001451 
   	1709  	        202	  2.001451 
   	1710  	        202	  2.001451 
   	1711  	        202	  2.001451 
   	1712  	        202	  2.001451 
   	1713  	        202	  2.001451 
   	1714  	        202	  2.001451 
   	1715  	        202	  2.001451 
   	1716  	        202	  2.001451 
   	1717  	        202	  2.001451 
   	1718  	        202	  2.001451 
   	1719  	        202	  2.001451 
   	1720  	        202	  2.001451 
   	1721  	        202	  2.001451 
   	1722  	        202	  2.001451 
   	1723  	        202	  2.001451 
   	1724  	        202	  2.001451 
   	1725  	        202	  2.001451 
   	1726  	        202	  2.001451 
   	1727  	        202	  2.001451 
   	1728  	        202	  2.001451 
   	1729  	        202	  2.001451 
   	1730  	        202	  2.001451 
   	1731  	        202	  2.001451 
   	1732  	        202	  2.001451 
   	1733  	        202	  2.001451 
   	1734  	        202	  2.001451 
   	1735  	        202	  2.001451 
   	1736  	        202	  2.001451 
   	1737  	        202	  2.001451 
   	1738  	        202	  2.001451 
   	1739  	        202	  2.001451 
   	1740  	        202	  2.001451 
   	1741  	        202	  2.001451 
   	1742  	        202	  2.001451 
   	1743  	        202	  2.001451 
   	1744  	        202	  2.001451 
   	1745  	        202	  2.001451 
   	1746  	        202	  2.001451 
   	1747  	        202	  2.001451 
   	1748  	        202	  2.001451 
   	1749  	        202	  2.001451 
   	1750  	        202	  2.001451 
   	1751  	        202	  2.001451 
   	1752  	        202	  2.001451 
   	1753  	        202	  2.001451 
   	1754  	        202	  2.001451 
   	1755  	        202	  2.001451 
   	1756  	        202	  2.001451 
   	1757  	        202	  2.001451 
   	1758  	        202	  2.001451 
   	1759  	        202	  2.001451 
   	1760  	        202	  2.001451 
   	1761  	        202	  2.001451 
   	1762  	        202	  2.001451 
   	1763  	        202	  2.001451 
   	1764  	        202	  2.001451 
   	1765  	        202	  2.001451 
   	1766  	        202	  2.001451 
   	1767  	        202	  2.001451 
   	1768  	        202	  2.001451 
   	1769  	        202	  2.001451 
   	1770  	        202	  2.001451 
   	1771  	        202	  2.001451 
   	1772  	        202	  2.001451 
   	1773  	        202	  2.001451 
   	1774  	        202	  2.001451 
   	1775  	        202	  2.001451 
   	1776  	        202	  2.001451 
   	1777  	        202	  2.001451 
   	1778  	        202	  2.001451 
   	1779  	        202	  2.001451 
   	1780  	        202	  2.001451 
   	1781  	        202	  2.001451 
   	1782  	        202	  2.001451 
   	1783  	        202	  2.001451 
   	1784  	        202	  2.001451 
   	1785  	        202	  2.001451 
   	1786  	        202	  2.001451 
   	1787  	        202	  2.001451 
   	1788  	        202	  2.001451 
   	1789  	        202	  2.001451 
   	1790  	        202	  2.001451 
   	1791  	        202	  2.001451 
   	1792  	        202	  2.001451 
   	1793  	        202	  2.001451 
   	1794  	        202	  2.001451 
   	1795  	        202	  2.001451 
   	1796  	        202	  2.001451 
   	1797  	        202	  2.001451 
   	1798  	        202	  2.001451 
   	1799  	        202	  2.001451 
   	1800  	        202	  2.001451 
   	1801  	        202	  2.001451 
   	1802  	        202	  2.001451 
   	1803  	        202	  2.001451 
   	1804  	        202	  2.001451 
   	1805  	        202	  2.001451 
   	1806  	        202	  2.001451 
   	1807  	        202	  2.001451 
   	1808  	        202	  2.001451 
   	1809  	        202	  2.001451 
   	1810  	        202	  2.001451 
   	1811  	        202	  2.001451 
   	1812  	        202	  2.001451 
   	1813  	        202	  2.001451 
   	1814  	        202	  2.001451 
   	1815  	        202	  2.001451 
   	1816  	        202	  2.001451 
   	1817  	        202	  2.001451 
   	1818  	        202	  2.001451 
   	1819  	        202	  2.001451 
   	1820  	        202	  2.001451 
   	1821  	        202	  2.001451 
   	1822  	        202	  2.001451 
   	1823  	        202	  2.001451 
   	1824  	        202	  2.001451 
   	1825  	        202	  2.001451 
   	1826  	        202	  2.001451 
   	1827  	        202	  2.001451 
   	1828  	        202	  2.001451 
   	1829  	        202	  2.001451 
   	1830  	        202	  2.001451 
   	1831  	        202	  2.001451 
   	1832  	        202	  2.001451 
   	1833  	        202	  2.001451 
   	1834  	        202	  2.001451 
   	1835  	        202	  2.001451 
   	1836  	        202	  2.001451 
   	1837  	        202	  2.001451 
   	1838  	        202	  2.001451 
   	1839  	        202	  2.001451 
   	1840  	        202	  2.001451 
   	1841  	        202	  2.001451 
   	1842  	        202	  2.001451 
   	1843  	        202	  2.001451 
   	1844  	        202	  2.001451 
   	1845  	        202	  2.001451 
   	1846  	        202	  2.001451 
   	1847  	        202	  2.001451 
   	1848  	        202	  2.001451 
   	1849  	        202	  2.001451 
   	1850  	        202	  2.001451 
   	1851  	        202	  2.001451 
   	1852  	        202	  2.001451 
   	1853  	        202	  2.001451 
   	1854  	        202	  2.001451 
   	1855  	        202	  2.001451 
   	1856  	        202	  2.001451 
   	1857  	        202	  2.001451 
   	1858  	        202	  2.001451 
   	1859  	        202	  2.001451 
   	1860  	        202	  2.001451 
   	1861  	        202	  2.001451 
   	1862  	        202	  2.001451 
   	1863  	        202	  2.001451 
   	1864  	        202	  2.001451 
   	1865  	        202	  2.001451 
   	1866  	        202	  2.001451 
   	1867  	        202	  2.001451 
   	1868  	        202	  2.001451 
   	1869  	        202	  2.001451 
   	1870  	        202	  2.001451 
   	1871  	        202	  2.001451 
   	1872  	        202	  2.001451 
   	1873  	        202	  2.001451 
   	1874  	        202	  2.001451 
   	1875  	        202	  2.001451 
   	1876  	        202	  2.001451 
   	1877  	        202	  2.001451 
   	1878  	        202	  2.001451 
   	1879  	        202	  2.001451 
   	1880  	        202	  2.001451 
   	1881  	        202	  2.001451 
   	1882  	        202	  2.001451 
   	1883  	        202	  2.001451 
   	1884  	        202	  2.001451 
   	1885  	        202	  2.001451 
   	1886  	        202	  2.001451 
   	1887  	        202	  2.001451 
   	1888  	        202	  2.001451 
   	1889  	        202	  2.001451 
   	1890  	        202	  2.001451 
   	1891  	        202	  2.001451 
   	1892  	        202	  2.001451 
   	1893  	        202	  2.001451 
   	1894  	        202	  2.001451 
   	1895  	        202	  2.001451 
   	1896  	        202	  2.001451 
   	1897  	        202	  2.001451 
   	1898  	        202	  2.001451 
   	1899  	        202	  2.001451 
   	1900  	        202	  2.001451 
   	1901  	        202	  2.001451 
   	1902  	        202	  2.001451 
   	1903  	        202	  2.001451 
   	1904  	        202	  2.001451 
   	1905  	        202	  2.001451 
   	1906  	        202	  2.001451 
   	1907  	        202	  2.001451 
   	1908  	        202	  2.001451 
   	1909  	        202	  2.001451 
   	1910  	        202	  2.001451 
   	1911  	        202	  2.001451 
   	1912  	        202	  2.001451 
   	1913  	        202	  2.001451 
   	1914  	        202	  2.001451 
   	1915  	        202	  2.001451 
   	1916  	        202	  2.001451 
   	1917  	        202	  2.001451 
   	1918  	        202	  2.001451 
   	1919  	        202	  2.001451 
   	1920  	        202	  2.001451 
   	1921  	        202	  2.001451 
   	1922  	        202	  2.001451 
   	1923  	        202	  2.001451 
   	1924  	        202	  2.001451 
   	1925  	        202	  2.001451 
   	1926  	        202	  2.001451 
   	1927  	        202	  2.001451 
   	1928  	        202	  2.001451 
   	1929  	        202	  2.001451 
   	1930  	        202	  2.001451 
   	1931  	        202	  2.001451 
   	1932  	        202	  2.001451 
   	1933  	        202	  2.001451 
   	1934  	        202	  2.001451 
   	1935  	        202	  2.001451 
   	1936  	        202	  2.001451 
   	1937  	        202	  2.001451 
   	1938  	        202	  2.001451 
   	1939  	        202	  2.001451 
   	1940  	        202	  2.001451 
   	1941  	        202	  2.001451 
   	1942  	        202	  2.001451 
   	1943  	        202	  2.001451 
   	1944  	        202	  2.001451 
   	1945  	        202	  2.001451 
   	1946  	        202	  2.001451 
   	1947  	        202	  2.001451 
   	1948  	        202	  2.001451 
   	1949  	        202	  2.001451 
   	1950  	        202	  2.001451 
   	1951  	        202	  2.001451 
   	1952  	        202	  2.001451 
   	1953  	        202	  2.001451 
   	1954  	        202	  2.001451 
   	1955  	        202	  2.001451 
   	1956  	        202	  2.001451 
   	1957  	        202	  2.001451 
   	1958  	        202	  2.001451 
   	1959  	        202	  2.001451 
   	1960  	        202	  2.001451 
   	1961  	        202	  2.001451 
   	1962  	        202	  2.001451 
   	1963  	        202	  2.001451 
   	1964  	        202	  2.001451 
   	1965  	        202	  2.001451 
   	1966  	        202	  2.001451 
   	1967  	        202	  2.001451 
   	1968  	        202	  2.001451 
   	1969  	        202	  2.001451 
   	1970  	        202	  2.001451 
   	1971  	        202	  2.001451 
   	1972  	        202	  2.001451 
   	1973  	        202	  2.001451 
   	1974  	        202	  2.001451 
   	1975  	        202	  2.001451 
   	1976  	        202	  2.001451 
   	1977  	        202	  2.001451 
   	1978  	        202	  2.001451 
   	1979  	        202	  2.001451 
   	1980  	        202	  2.001451 
   	1981  	        202	  2.001451 
   	1982  	        202	  2.001451 
   	1983  	        202	  2.001451 
   	1984  	        202	  2.001451 
   	1985  	        202	  2.001451 
   	1986  	        202	  2.001451 
   	1987  	        202	  2.001451 
   	1988  	        202	  2.001451 
   	1989  	        202	  2.001451 
   	1990  	        202	  2.001451 
   	1991  	        202	  2.001451 
   	1992  	        202	  2.001451 
   	1993  	        202	  2.001451 
   	1994  	        202	  2.001451 
   	1995  	        202	  2.001451 
   	1996  	        202	  2.001451 
   	1997  	        202	  2.001451 
   	1998  	        202	  2.001451 
   	1999  	        202	  2.001451 
   	2000  	        202	  2.001451 
   	2001  	        202	  2.001451 
   	2002  	        202	  2.001451 
   	2003  	        202	  2.001451 
   	2004  	        202	  2.001451 
   	2005  	        202	  2.001451 
   	2006  	        202	  2.001451 
   	2007  	        202	  2.001451 
   	2008  	        202	  2.001451 
   	2009  	        202	  2.001451 
   	2010  	        202	  2.001451 
   	2011  	        202	  2.001451 
   	2012  	        202	  2.001451 
   	2013  	        202	  2.001451 
   	2014  	        202	  2.001451 
   	2015  	        202	  2.001451 
   	2016  	        202	  2.001451 
   	2017  	        202	  2.001451 
   	2018  	        202	  2.001451 
   	2019  	        202	  2.001451 
   	2020  	        202	  2.001451 
   	2021  	        202	  2.001451 
   	2022  	        202	  2.001451 
   	2023  	        202	  2.001451 
   	2024  	        202	  2.001451 
   	2025  	        202	  2.001451 
   	2026  	        202	  2.001451 
   	2027  	        202	  2.001451 
   	2028  	        202	  2.001451 
   	2029  	        202	  2.001451 
   	2030  	        202	  2.001451 
   	2031  	        202	  2.001451 
   	2032  	        202	  2.001451 
   	2033  	        202	  2.001451 
   	2034  	        202	  2.001451 
   	2035  	        202	  2.001451 
   	2036  	        202	  2.001451 
   	2037  	        202	  2.001451 
   	2038  	        202	  2.001451 
   	2039  	        202	  2.001451 
   	2040  	        202	  2.001451 
   	2041  	        202	  2.001451 
   	2042  	        202	  2.001451 
   	2043  	        202	  2.001451 
   	2044  	        202	  2.001451 
   	2045  	        202	  2.001451 
   	2046  	        202	  2.001451 
   	2047  	        202	  2.001451 

